0.710983	s2_10	0.710983	0.70	primalsvm	greedy	90	feat-{1,2,3,4,5,6,7,8,9,10,11,12,13,14,15,16,17,18,19,20,21,22,23,24,25,26,27,28,29,30,31,32,33,34,35,36,37,38,39,40,41,42,43,44,45,46,47,48,49,50,51,52,53,54,55,56,57,58,59,60,61,62,63,64,65,66,67,68,69,70,71,72,73,74,75,76,77,78,79,80,81,82,83,84,85,86,87,88,89,90}
0.944444	s2_2	0.944444	0.70	primalsvm	greedy	12	feat-{7,11,26,36,38,53,58,73,82,85,88,90}	s2_2	all_features
0.888889	s3_3	0.888889	0.70	primalsvm	greedy	12	feat-{12,27,29,34,44,57,73,80,82,85,86,88}	s3_3	all_features
0.818182	s4_4	0.818182	0.70	primalsvm	greedy	24	feat-{2,4,5,8,11,12,13,15,16,18,24,25,30,44,48,59,65,66,67,69,86,88,89,90}	s4_4	all_features
0.782609	s5_5	0.782609	0.70	primalsvm	greedy	12	feat-{25,28,37,41,42,45,46,48,78,82,88,90}	s5_5	all_features
0.782609	s6_6	0.782609	0.70	primalsvm	greedy	12	feat-{28,30,35,41,45,51,68,78,80,82,84,88}	s6_6	all_features
0.777778	s7_7	0.777778	0.70	primalsvm	greedy	12	feat-{2,9,15,20,41,43,44,54,60,65,83,85}	s7_7	all_features
0.722222	s8_8	0.722222	0.70	primalsvm	greedy	12	feat-{25,29,38,40,41,42,52,67,70,74,81,88}	s8_8	all_features
0.777778	s9_9	0.777778	0.70	primalsvm	greedy	12	feat-{19,20,21,29,33,36,37,44,51,73,88,89}	s9_9	all_features
0.722222	s10_10	0.722222	0.70	primalsvm	greedy	24	feat-{7,8,11,14,22,28,34,38,39,43,46,49,56,58,63,66,73,74,80,83,85,88,89,90}	s10_10	all_features
