0.576923	0.70	dualsvm	greedy	46	feat-{2,4,6,8,9,12,20,23,25,27,28,30,31,32,33,34,37,40,41,42,43,44,45,49,50,52,53,57,58,60,63,64,65,66,67,71,74,76,79,80,81,82,85,87,88,90}
0.653846	0.70	dualsvm	greedy	68	feat-{2,4,6,7,8,9,10,12,14,15,16,17,18,19,20,22,23,25,27,28,29,30,31,32,33,34,35,36,37,38,39,40,41,42,43,44,45,47,49,50,52,53,57,58,60,62,63,64,65,66,67,68,69,70,71,74,76,77,78,79,80,81,82,84,85,87,88,90}
0.557692	0.70	dualsvm	greedy	90	feat-{1,2,3,4,5,6,7,8,9,10,11,12,13,14,15,16,17,18,19,20,21,22,23,24,25,26,27,28,29,30,31,32,33,34,35,36,37,38,39,40,41,42,43,44,45,46,47,48,49,50,51,52,53,54,55,56,57,58,59,60,61,62,63,64,65,66,67,68,69,70,71,72,73,74,75,76,77,78,79,80,81,82,83,84,85,86,87,88,89,90}
0.711538	0.70	ensemble	greedy	46	feat-{88}
0.711538	0.70	ensemble	greedy	68	feat-{88}
0.711538	0.70	ensemble	greedy	90	feat-{88}
0.634615	0.70	logistic	greedy	46	feat-{3,7,8,9,10,13,15,21,22,24,26,31,32,33,34,35,38,40,41,42,43,45,46,50,51,52,53,54,58,59,60,61,63,64,65,66,68,72,75,78,80,81,83,88,89,91}
0.634615	0.70	logistic	greedy	68	feat-{2,3,7,8,9,10,11,13,15,17,18,19,20,21,22,23,24,26,27,28,29,30,31,32,33,34,35,36,37,38,40,41,42,43,45,46,48,50,51,52,53,54,57,58,59,60,61,63,64,65,66,67,68,69,70,72,75,77,78,79,80,81,83,85,86,88,89,91}
0.634615	0.70	logistic	greedy	90	feat-{2,3,4,5,6,7,8,9,10,11,12,13,14,15,16,17,18,19,20,21,22,23,24,25,26,27,28,29,30,31,32,33,34,35,36,37,38,39,40,41,42,43,44,45,46,47,48,49,50,51,52,53,54,55,56,57,58,59,60,61,62,63,64,65,66,67,68,69,70,71,72,73,74,75,76,77,78,79,80,81,82,83,84,85,86,87,88,89,90,91}
0.519231	0.70	primalsvm	greedy	46	feat-{2,4,6,8,9,12,20,23,25,27,28,30,31,32,33,34,37,40,41,42,43,44,45,49,50,52,53,57,58,60,63,64,65,66,67,71,74,76,79,80,81,82,85,87,88,90}
0.615385	0.70	primalsvm	greedy	68	feat-{2,4,6,7,8,9,10,12,14,15,16,17,18,19,20,22,23,25,27,28,29,30,31,32,33,34,35,36,37,38,39,40,41,42,43,44,45,47,49,50,52,53,57,58,60,62,63,64,65,66,67,68,69,70,71,74,76,77,78,79,80,81,82,84,85,87,88,90}
0.576923	0.70	primalsvm	greedy	90	feat-{1,2,3,4,5,6,7,8,9,10,11,12,13,14,15,16,17,18,19,20,21,22,23,24,25,26,27,28,29,30,31,32,33,34,35,36,37,38,39,40,41,42,43,44,45,46,47,48,49,50,51,52,53,54,55,56,57,58,59,60,61,62,63,64,65,66,67,68,69,70,71,72,73,74,75,76,77,78,79,80,81,82,83,84,85,86,87,88,89,90}
