s3_3	0.53125
s2_2	0.5625
s8_8	0.71875
s6_6	0.6875
s4_4	0.34375
s9_9	0.78125
s2_10	0.84375
s7_7	0.5
s10_10	0.5625
s5_5	0.8125

1.000000	s10_10	1.000000	-1.000000e+00	dualsvm	greedy	90	feat-{1,2,3,4,6,7,8,9,10,11,12,13,14,15,17,18,19,20,21,22,23,24,25,26,27,28,29,30,31,32,33,34,35,36,37,38,39,40,41,42,43,44,45,46,47,48,49,50,51,52,53,54,55,56,57,58,59,60,61,62,63,64,65,66,67,68,69,70,71,72,73,74,75,76,77,78,79,80,81,82,83,84,85,86,87,88,89,90,91,92}	s10_10	ipl_all_features
0.750000	s10_10	0.750000	-1.000000e+00	dualsvm	greedy	68	feat-{3,4,6,7,8,9,10,11,12,14,17,20,21,22,24,25,27,28,29,30,31,32,34,35,36,37,38,39,42,43,44,46,47,49,50,51,52,53,54,55,56,57,58,59,60,62,63,65,66,67,69,70,71,72,73,74,75,76,80,81,83,84,85,86,88,90,91,92}	s10_10	ipl_all_features
0.750000	s10_10	0.750000	-1.000000e+00	ensemble	greedy	68	feat-{88}	s10_10	ipl_all_features
0.750000	s10_10	0.750000	-1.000000e+00	ensemble	greedy	90	feat-{88}	s10_10	ipl_all_features
0.500000	s10_10	0.500000	-1.000000e+00	primalsvm	greedy	90	feat-{1,2,3,4,6,7,8,9,10,11,12,13,14,15,17,18,19,20,21,22,23,24,25,26,27,28,29,30,31,32,33,34,35,36,37,38,39,40,41,42,43,44,45,46,47,48,49,50,51,52,53,54,55,56,57,58,59,60,61,62,63,64,65,66,67,68,69,70,71,72,73,74,75,76,77,78,79,80,81,82,83,84,85,86,87,88,89,90,91,92}	s10_10	ipl_all_features
0.250000	s10_10	0.250000	-1.000000e+00	logistic	greedy	68	feat-{2,4,5,7,8,11,12,13,15,16,17,18,19,20,21,22,23,24,25,27,31,32,35,36,37,38,39,40,42,43,44,46,47,48,49,50,51,52,53,54,55,58,59,60,61,64,65,66,67,68,70,71,72,73,74,75,76,77,79,81,82,84,85,86,87,89,91,93}	s10_10	ipl_all_features
0.250000	s10_10	0.250000	-1.000000e+00	logistic	greedy	90	feat-{1,2,3,4,5,6,7,8,9,10,11,12,13,14,15,16,17,18,19,20,21,22,23,24,25,26,27,28,29,30,31,32,33,34,35,36,37,38,39,40,42,43,44,45,46,47,48,49,50,51,52,53,54,55,56,57,58,59,60,61,62,63,64,65,66,67,68,69,70,71,72,73,74,75,76,77,79,80,81,82,83,84,85,86,87,88,89,91,92,93}	s10_10	ipl_all_features
0.250000	s10_10	0.250000	-1.000000e+00	primalsvm	greedy	68	feat-{3,4,6,7,8,9,10,11,12,14,17,20,21,22,24,25,27,28,29,30,31,32,34,35,36,37,38,39,42,43,44,46,47,49,50,51,52,53,54,55,56,57,58,59,60,62,63,65,66,67,69,70,71,72,73,74,75,76,80,81,83,84,85,86,88,90,91,92}	s10_10	ipl_all_features
1.000000	s2_10	1.000000	-1.000000e+00	dualsvm	forwardfitting	90	feat-{1,2,3,4,5,6,7,8,9,10,11,12,13,14,15,16,17,18,19,20,21,22,23,24,25,26,27,28,29,30,31,32,33,35,36,37,38,39,40,41,42,43,44,45,46,47,48,49,50,51,52,53,55,56,57,58,59,60,61,62,63,64,65,66,67,68,69,70,71,72,73,74,75,76,77,78,79,80,81,82,83,84,85,86,87,88,89,90,91,92}	s2_10	ipl_all_features
1.000000	s2_10	1.000000	-1.000000e+00	dualsvm	greedy	24	feat-{2,5,6,7,11,22,29,35,40,41,42,44,45,53,57,59,60,66,77,82,85,88,89,92}	s2_10	ipl_all_features
1.000000	s2_10	1.000000	-1.000000e+00	dualsvm	greedy	46	feat-{2,5,6,7,10,11,14,15,18,19,20,22,25,26,29,33,34,35,40,41,42,43,44,45,46,47,48,53,57,58,59,60,61,66,67,69,76,77,81,82,83,84,85,88,89,92}	s2_10	ipl_all_features
1.000000	s2_10	1.000000	-1.000000e+00	dualsvm	greedy	68	feat-{1,2,5,6,7,8,9,10,11,12,14,15,16,17,18,19,20,22,24,25,26,27,29,30,31,33,34,35,38,40,41,42,43,44,45,46,47,48,49,50,53,55,56,57,58,59,60,61,62,64,66,67,69,72,73,76,77,78,79,81,82,83,84,85,86,88,89,92}	s2_10	ipl_all_features
1.000000	s2_10	1.000000	-1.000000e+00	dualsvm	greedy	90	feat-{1,2,3,4,5,6,7,8,9,10,11,12,13,14,15,16,17,18,19,20,21,22,23,24,25,26,27,29,30,31,32,33,34,35,36,37,38,39,40,41,42,43,44,45,46,47,48,49,50,51,52,53,54,55,56,57,58,59,60,61,62,63,64,65,66,67,68,69,70,71,72,73,74,75,76,77,78,79,80,81,82,83,84,85,86,87,88,89,91,92}	s2_10	ipl_all_features
1.000000	s2_10	1.000000	-1.000000e+00	primalsvm	forwardfitting	24	feat-{6,11,22,29,35,38,40,41,42,44,60,66,73,74,75,77,81,82,83,85,87,88,89,92}	s2_10	ipl_all_features
1.000000	s2_10	1.000000	-1.000000e+00	primalsvm	forwardfitting	68	feat-{2,5,6,8,9,10,11,12,13,15,16,17,19,20,21,22,24,25,26,27,28,29,30,31,33,35,37,38,39,40,41,42,43,44,45,46,47,48,49,53,58,59,60,61,62,65,66,67,68,69,70,71,72,73,74,75,76,77,81,82,83,85,86,87,88,89,90,92}	s2_10	ipl_all_features
1.000000	s2_10	1.000000	-1.000000e+00	primalsvm	forwardfitting	90	feat-{1,2,3,4,5,6,7,8,9,10,11,12,13,14,15,16,17,18,19,20,21,22,23,24,25,26,27,28,29,30,31,32,33,35,36,37,38,39,40,41,42,43,44,45,46,47,48,49,50,51,52,53,55,56,57,58,59,60,61,62,63,64,65,66,67,68,69,70,71,72,73,74,75,76,77,78,79,80,81,82,83,84,85,86,87,88,89,90,91,92}	s2_10	ipl_all_features
1.000000	s2_10	1.000000	-1.000000e+00	primalsvm	greedy	24	feat-{2,5,6,7,11,22,29,35,40,41,42,44,45,53,57,59,60,66,77,82,85,88,89,92}	s2_10	ipl_all_features
1.000000	s2_10	1.000000	-1.000000e+00	primalsvm	greedy	46	feat-{2,5,6,7,10,11,14,15,18,19,20,22,25,26,29,33,34,35,40,41,42,43,44,45,46,47,48,53,57,58,59,60,61,66,67,69,76,77,81,82,83,84,85,88,89,92}	s2_10	ipl_all_features
1.000000	s2_10	1.000000	-1.000000e+00	primalsvm	greedy	68	feat-{1,2,5,6,7,8,9,10,11,12,14,15,16,17,18,19,20,22,24,25,26,27,29,30,31,33,34,35,38,40,41,42,43,44,45,46,47,48,49,50,53,55,56,57,58,59,60,61,62,64,66,67,69,72,73,76,77,78,79,81,82,83,84,85,86,88,89,92}	s2_10	ipl_all_features
1.000000	s2_10	1.000000	-1.000000e+00	primalsvm	greedy	90	feat-{1,2,3,4,5,6,7,8,9,10,11,12,13,14,15,16,17,18,19,20,21,22,23,24,25,26,27,29,30,31,32,33,34,35,36,37,38,39,40,41,42,43,44,45,46,47,48,49,50,51,52,53,54,55,56,57,58,59,60,61,62,63,64,65,66,67,68,69,70,71,72,73,74,75,76,77,78,79,80,81,82,83,84,85,86,87,88,89,91,92}	s2_10	ipl_all_features
0.750000	s2_10	0.750000	-1.000000e+00	dualsvm	forwardfitting	24	feat-{6,11,22,29,35,38,40,41,42,44,60,66,73,74,75,77,81,82,83,85,87,88,89,92}	s2_10	ipl_all_features
0.750000	s2_10	0.750000	-1.000000e+00	dualsvm	forwardfitting	46	feat-{2,6,9,10,11,17,20,21,22,25,27,28,29,31,33,35,37,38,39,40,41,42,43,44,53,60,65,66,68,69,70,72,73,74,75,76,77,81,82,83,85,86,87,88,89,92}	s2_10	ipl_all_features
0.750000	s2_10	0.750000	-1.000000e+00	dualsvm	forwardfitting	68	feat-{2,5,6,8,9,10,11,12,13,15,16,17,19,20,21,22,24,25,26,27,28,29,30,31,33,35,37,38,39,40,41,42,43,44,45,46,47,48,49,53,58,59,60,61,62,65,66,67,68,69,70,71,72,73,74,75,76,77,81,82,83,85,86,87,88,89,90,92}	s2_10	ipl_all_features
0.750000	s2_10	0.750000	-1.000000e+00	ensemble	forwardfitting	24	feat-{88}	s2_10	ipl_all_features
0.750000	s2_10	0.750000	-1.000000e+00	ensemble	forwardfitting	46	feat-{88}	s2_10	ipl_all_features
0.750000	s2_10	0.750000	-1.000000e+00	ensemble	forwardfitting	68	feat-{88}	s2_10	ipl_all_features
0.750000	s2_10	0.750000	-1.000000e+00	ensemble	forwardfitting	90	feat-{88}	s2_10	ipl_all_features
0.750000	s2_10	0.750000	-1.000000e+00	ensemble	greedy	24	feat-{88}	s2_10	ipl_all_features
0.750000	s2_10	0.750000	-1.000000e+00	ensemble	greedy	46	feat-{88}	s2_10	ipl_all_features
0.750000	s2_10	0.750000	-1.000000e+00	ensemble	greedy	68	feat-{88}	s2_10	ipl_all_features
0.750000	s2_10	0.750000	-1.000000e+00	ensemble	greedy	90	feat-{88}	s2_10	ipl_all_features
0.750000	s2_10	0.750000	-1.000000e+00	logistic	forwardfitting	24	feat-{3,6,7,12,23,30,36,41,42,43,45,46,47,54,58,59,60,61,78,83,86,89,90,93}	s2_10	ipl_all_features
0.750000	s2_10	0.750000	-1.000000e+00	logistic	forwardfitting	46	feat-{2,3,6,7,8,9,11,12,13,15,17,19,21,23,27,30,31,34,35,36,41,42,43,44,45,46,47,54,57,58,59,60,61,62,68,70,74,77,78,82,83,84,86,89,90,93}	s2_10	ipl_all_features
0.750000	s2_10	0.750000	-1.000000e+00	logistic	forwardfitting	68	feat-{2,3,6,7,8,9,10,11,12,13,15,17,18,19,20,21,23,25,26,27,28,29,30,31,33,34,35,36,39,40,41,42,43,44,45,46,47,48,49,50,51,54,57,58,59,60,61,62,63,65,67,68,70,72,73,74,77,78,82,83,84,85,86,87,88,89,90,93}	s2_10	ipl_all_features
0.750000	s2_10	0.750000	-1.000000e+00	logistic	forwardfitting	90	feat-{2,3,4,5,6,7,8,9,10,11,12,13,14,15,16,17,18,19,20,21,22,23,24,25,26,27,28,29,30,31,32,33,34,35,36,37,38,39,40,41,42,43,44,45,46,47,48,49,50,51,52,54,55,56,57,58,59,60,61,62,63,64,65,66,67,68,69,70,71,72,73,74,75,77,78,79,80,81,82,83,84,85,86,87,88,89,90,91,92,93}	s2_10	ipl_all_features
0.750000	s2_10	0.750000	-1.000000e+00	logistic	greedy	24	feat-{3,6,7,8,12,23,30,36,41,42,43,45,46,47,54,58,60,61,67,83,86,89,90,93}	s2_10	ipl_all_features
0.750000	s2_10	0.750000	-1.000000e+00	logistic	greedy	46	feat-{3,6,7,8,11,12,13,17,18,19,20,21,23,27,30,34,35,36,38,41,42,43,44,45,46,47,51,54,58,59,60,61,62,67,70,73,77,78,79,82,83,84,86,89,90,93}	s2_10	ipl_all_features
0.750000	s2_10	0.750000	-1.000000e+00	logistic	greedy	68	feat-{2,3,6,7,8,9,10,11,12,13,15,16,17,18,19,20,21,23,25,26,27,28,30,31,32,34,35,36,38,39,40,41,42,43,44,45,46,47,48,49,51,54,56,57,58,59,60,61,62,63,65,67,68,70,73,74,77,78,79,82,83,84,85,86,87,89,90,93}	s2_10	ipl_all_features
0.750000	s2_10	0.750000	-1.000000e+00	logistic	greedy	90	feat-{2,3,4,5,6,7,8,9,10,11,12,13,14,15,16,17,18,19,20,21,22,23,24,25,26,27,28,29,30,31,32,33,34,35,36,37,38,39,40,41,42,43,44,45,46,47,48,49,50,51,52,54,56,57,58,59,60,61,62,63,64,65,66,67,68,69,70,71,72,73,74,75,76,77,78,79,80,81,82,83,84,85,86,87,88,89,90,91,92,93}	s2_10	ipl_all_features
0.750000	s2_10	0.750000	-1.000000e+00	primalsvm	forwardfitting	46	feat-{2,6,9,10,11,17,20,21,22,25,27,28,29,31,33,35,37,38,39,40,41,42,43,44,53,60,65,66,68,69,70,72,73,74,75,76,77,81,82,83,85,86,87,88,89,92}	s2_10	ipl_all_features
0.750000	s2_2	0.750000	-1.000000e+00	dualsvm	greedy	68	feat-{2,5,6,7,8,10,11,12,13,14,15,16,17,18,19,20,21,22,23,25,26,28,29,30,31,34,36,38,39,40,41,42,44,46,48,49,51,53,54,55,57,58,59,61,62,65,68,69,70,71,72,73,75,76,77,78,79,80,82,83,84,85,86,87,88,89,91,92}	s2_2	ipl_all_features
0.750000	s2_2	0.750000	-1.000000e+00	dualsvm	greedy	90	feat-{1,2,3,4,5,6,7,8,9,10,11,12,13,14,15,16,17,18,19,20,21,22,23,24,25,26,27,28,29,30,31,32,34,35,36,38,39,40,41,42,43,44,45,46,47,48,49,50,51,52,53,54,55,56,57,58,59,60,61,62,63,64,65,66,67,68,69,70,71,72,73,74,75,76,77,78,79,80,81,82,83,84,85,86,87,88,89,90,91,92}	s2_2	ipl_all_features
0.750000	s2_2	0.750000	-1.000000e+00	ensemble	greedy	68	feat-{88}	s2_2	ipl_all_features
0.750000	s2_2	0.750000	-1.000000e+00	ensemble	greedy	90	feat-{88}	s2_2	ipl_all_features
0.500000	s2_2	0.500000	-1.000000e+00	logistic	greedy	68	feat-{1,2,3,4,5,6,7,8,11,12,13,16,18,19,20,21,22,23,24,25,26,27,28,32,34,35,37,38,40,41,42,43,46,48,49,50,51,54,55,57,58,59,60,61,62,63,64,67,68,69,70,71,72,74,76,78,79,80,81,82,83,84,85,86,89,90,91,93}	s2_2	ipl_all_features
0.500000	s2_2	0.500000	-1.000000e+00	logistic	greedy	90	feat-{1,2,3,4,5,6,7,8,9,10,11,12,13,14,16,17,18,19,20,21,22,23,24,25,26,27,28,29,30,31,32,33,34,35,36,37,38,39,40,41,42,43,44,45,46,48,49,50,51,52,53,54,55,56,57,58,59,60,61,62,63,64,65,66,67,68,69,70,71,72,73,74,76,77,78,79,80,81,82,83,84,85,86,87,88,89,90,91,92,93}	s2_2	ipl_all_features
0.250000	s2_2	0.250000	-1.000000e+00	primalsvm	greedy	68	feat-{2,5,6,7,8,10,11,12,13,14,15,16,17,18,19,20,21,22,23,25,26,28,29,30,31,34,36,38,39,40,41,42,44,46,48,49,51,53,54,55,57,58,59,61,62,65,68,69,70,71,72,73,75,76,77,78,79,80,82,83,84,85,86,87,88,89,91,92}	s2_2	ipl_all_features
0.250000	s2_2	0.250000	-1.000000e+00	primalsvm	greedy	90	feat-{1,2,3,4,5,6,7,8,9,10,11,12,13,14,15,16,17,18,19,20,21,22,23,24,25,26,27,28,29,30,31,32,34,35,36,38,39,40,41,42,43,44,45,46,47,48,49,50,51,52,53,54,55,56,57,58,59,60,61,62,63,64,65,66,67,68,69,70,71,72,73,74,75,76,77,78,79,80,81,82,83,84,85,86,87,88,89,90,91,92}	s2_2	ipl_all_features
0.750000	s3_3	0.750000	-1.000000e+00	ensemble	greedy	68	feat-{88}	s3_3	ipl_all_features
0.750000	s3_3	0.750000	-1.000000e+00	ensemble	greedy	90	feat-{88}	s3_3	ipl_all_features
0.750000	s3_3	0.750000	-1.000000e+00	primalsvm	greedy	90	feat-{1,2,3,4,5,6,7,8,9,10,11,12,13,14,15,16,17,18,19,20,22,23,24,25,26,27,28,29,30,31,32,33,34,35,36,37,38,39,40,41,42,43,44,45,46,47,48,49,50,51,52,53,54,55,56,57,58,59,60,62,63,64,65,66,67,68,69,70,71,72,73,74,75,76,77,78,79,80,81,82,83,84,85,86,87,88,89,90,91,92}	s3_3	ipl_all_features
0.500000	s3_3	0.500000	-1.000000e+00	dualsvm	greedy	68	feat-{1,2,4,6,7,9,10,11,12,14,15,17,19,20,23,25,26,27,28,29,30,32,33,34,35,37,38,40,42,43,44,45,47,48,49,50,51,52,53,54,55,56,57,58,60,62,65,67,69,70,71,72,73,74,75,76,77,80,81,82,83,84,85,86,88,90,91,92}	s3_3	ipl_all_features
0.500000	s3_3	0.500000	-1.000000e+00	dualsvm	greedy	90	feat-{1,2,3,4,5,6,7,8,9,10,11,12,13,14,15,16,17,18,19,20,22,23,24,25,26,27,28,29,30,31,32,33,34,35,36,37,38,39,40,41,42,43,44,45,46,47,48,49,50,51,52,53,54,55,56,57,58,59,60,62,63,64,65,66,67,68,69,70,71,72,73,74,75,76,77,78,79,80,81,82,83,84,85,86,87,88,89,90,91,92}	s3_3	ipl_all_features
0.500000	s3_3	0.500000	-1.000000e+00	primalsvm	greedy	68	feat-{1,2,4,6,7,9,10,11,12,14,15,17,19,20,23,25,26,27,28,29,30,32,33,34,35,37,38,40,42,43,44,45,47,48,49,50,51,52,53,54,55,56,57,58,60,62,65,67,69,70,71,72,73,74,75,76,77,80,81,82,83,84,85,86,88,90,91,92}	s3_3	ipl_all_features
0.250000	s3_3	0.250000	-1.000000e+00	logistic	greedy	68	feat-{1,2,3,4,5,6,7,8,9,10,12,13,15,18,20,21,24,25,26,28,29,30,31,32,35,36,37,38,39,41,43,45,46,48,49,51,52,53,54,58,59,60,61,62,63,65,66,67,68,69,70,72,73,74,75,76,78,80,83,84,85,86,87,88,89,90,92,93}	s3_3	ipl_all_features
0.250000	s3_3	0.250000	-1.000000e+00	logistic	greedy	90	feat-{1,2,3,4,5,6,7,8,9,10,11,12,13,14,15,16,17,18,19,20,21,22,23,24,25,26,27,28,29,30,31,32,33,34,35,36,37,38,39,40,41,42,43,44,45,46,47,48,49,51,52,53,54,55,56,57,58,59,60,61,62,63,64,65,66,67,68,69,70,72,73,74,75,76,78,79,80,81,82,83,84,85,86,87,88,89,90,91,92,93}	s3_3	ipl_all_features
0.500000	s4_4	0.500000	-1.000000e+00	dualsvm	greedy	68	feat-{1,3,5,6,8,9,11,13,15,16,17,18,20,23,24,25,26,27,30,31,32,34,35,36,37,39,40,41,42,43,44,46,47,48,49,50,51,53,55,57,58,59,60,61,63,64,66,67,68,69,70,71,72,73,74,75,76,77,79,80,81,82,83,86,87,88,90,91}	s4_4	ipl_all_features
0.500000	s4_4	0.500000	-1.000000e+00	dualsvm	greedy	90	feat-{1,2,3,4,5,6,7,8,9,10,11,12,13,15,16,17,18,20,21,22,23,24,25,26,27,28,29,30,31,32,33,34,35,36,37,38,39,40,41,42,43,44,45,46,47,48,49,50,51,52,53,54,55,56,57,58,59,60,61,62,63,64,65,66,67,68,69,70,71,72,73,74,75,76,77,78,79,80,81,82,83,84,85,86,87,88,89,90,91,92}	s4_4	ipl_all_features
0.500000	s4_4	0.500000	-1.000000e+00	primalsvm	greedy	90	feat-{1,2,3,4,5,6,7,8,9,10,11,12,13,15,16,17,18,20,21,22,23,24,25,26,27,28,29,30,31,32,33,34,35,36,37,38,39,40,41,42,43,44,45,46,47,48,49,50,51,52,53,54,55,56,57,58,59,60,61,62,63,64,65,66,67,68,69,70,71,72,73,74,75,76,77,78,79,80,81,82,83,84,85,86,87,88,89,90,91,92}	s4_4	ipl_all_features
0.250000	s4_4	0.250000	-1.000000e+00	ensemble	greedy	68	feat-{88}	s4_4	ipl_all_features
0.250000	s4_4	0.250000	-1.000000e+00	ensemble	greedy	90	feat-{88}	s4_4	ipl_all_features
0.250000	s4_4	0.250000	-1.000000e+00	logistic	greedy	68	feat-{2,3,4,5,6,8,9,10,11,12,13,14,16,17,18,19,21,22,24,25,26,27,28,29,30,31,32,33,34,35,36,37,39,40,42,43,45,47,49,50,55,57,59,60,61,62,63,65,66,67,68,70,72,74,76,79,81,82,83,85,86,87,88,89,90,91,92,93}	s4_4	ipl_all_features
0.250000	s4_4	0.250000	-1.000000e+00	logistic	greedy	90	feat-{1,2,3,4,5,6,7,8,9,10,11,12,13,14,15,16,17,18,19,20,21,22,23,24,25,26,27,28,29,30,31,32,33,34,35,36,37,38,39,40,42,43,44,45,46,47,48,49,50,51,52,53,54,55,56,57,58,59,60,61,62,63,64,65,66,67,68,70,71,72,73,74,75,76,78,79,80,81,82,83,84,85,86,87,88,89,90,91,92,93}	s4_4	ipl_all_features
0.250000	s4_4	0.250000	-1.000000e+00	primalsvm	greedy	68	feat-{1,3,5,6,8,9,11,13,15,16,17,18,20,23,24,25,26,27,30,31,32,34,35,36,37,39,40,41,42,43,44,46,47,48,49,50,51,53,55,57,58,59,60,61,63,64,66,67,68,69,70,71,72,73,74,75,76,77,79,80,81,82,83,86,87,88,90,91}	s4_4	ipl_all_features
1.000000	s5_5	1.000000	-1.000000e+00	logistic	greedy	68	feat-{2,4,5,6,8,9,10,11,12,13,14,18,19,20,21,22,25,26,27,28,29,30,31,32,34,35,38,39,40,41,42,43,44,46,47,48,49,51,53,55,56,57,58,59,60,61,62,63,64,66,67,68,69,70,71,72,73,79,80,81,82,83,86,87,89,90,91,93}	s5_5	ipl_all_features
1.000000	s5_5	1.000000	-1.000000e+00	logistic	greedy	90	feat-{1,2,3,4,5,6,7,8,9,10,11,12,13,14,15,16,17,18,19,20,21,22,23,24,25,26,27,28,29,30,31,32,33,34,35,36,37,38,39,40,41,42,43,44,45,46,47,48,49,50,51,52,53,54,55,56,57,58,59,60,61,62,63,64,65,66,67,68,69,70,71,72,73,74,76,77,79,80,81,82,83,84,86,87,88,89,90,91,92,93}	s5_5	ipl_all_features
0.750000	s5_5	0.750000	-1.000000e+00	dualsvm	greedy	68	feat-{1,3,8,10,11,12,13,14,16,17,19,20,21,22,23,24,25,26,28,29,31,32,33,34,35,36,37,38,40,41,42,43,44,45,46,47,48,50,51,52,53,55,57,58,59,60,62,63,64,65,67,69,70,73,74,75,76,78,79,80,81,82,85,88,89,90,91,92}	s5_5	ipl_all_features
0.750000	s5_5	0.750000	-1.000000e+00	dualsvm	greedy	90	feat-{1,2,3,4,5,6,7,8,9,10,11,12,13,14,15,16,17,19,20,21,22,23,24,25,26,27,28,29,30,31,32,33,34,35,36,37,38,39,40,41,42,43,44,45,46,47,48,49,50,51,52,53,54,55,56,57,58,59,60,61,62,63,64,65,66,67,68,69,70,71,72,73,74,75,76,78,79,80,81,82,83,84,85,86,87,88,89,90,91,92}	s5_5	ipl_all_features
0.750000	s5_5	0.750000	-1.000000e+00	ensemble	greedy	68	feat-{90}	s5_5	ipl_all_features
0.750000	s5_5	0.750000	-1.000000e+00	ensemble	greedy	90	feat-{90}	s5_5	ipl_all_features
0.750000	s5_5	0.750000	-1.000000e+00	primalsvm	greedy	68	feat-{1,3,8,10,11,12,13,14,16,17,19,20,21,22,23,24,25,26,28,29,31,32,33,34,35,36,37,38,40,41,42,43,44,45,46,47,48,50,51,52,53,55,57,58,59,60,62,63,64,65,67,69,70,73,74,75,76,78,79,80,81,82,85,88,89,90,91,92}	s5_5	ipl_all_features
0.750000	s5_5	0.750000	-1.000000e+00	primalsvm	greedy	90	feat-{1,2,3,4,5,6,7,8,9,10,11,12,13,14,15,16,17,19,20,21,22,23,24,25,26,27,28,29,30,31,32,33,34,35,36,37,38,39,40,41,42,43,44,45,46,47,48,49,50,51,52,53,54,55,56,57,58,59,60,61,62,63,64,65,66,67,68,69,70,71,72,73,74,75,76,78,79,80,81,82,83,84,85,86,87,88,89,90,91,92}	s5_5	ipl_all_features
1.000000	s6_6	1.000000	-1.000000e+00	dualsvm	greedy	68	feat-{2,4,6,8,9,10,11,13,14,15,16,17,18,19,20,21,22,23,24,25,27,29,31,32,33,34,35,36,37,38,41,42,43,44,45,47,48,49,50,54,56,57,58,60,61,62,64,65,66,67,68,70,71,72,73,78,79,82,83,84,85,86,87,88,89,90,91,92}	s6_6	ipl_all_features
1.000000	s6_6	1.000000	-1.000000e+00	dualsvm	greedy	90	feat-{1,2,3,4,5,6,7,8,9,10,11,12,13,14,15,16,17,18,19,20,21,22,23,24,25,26,27,28,29,31,32,33,34,35,36,37,38,39,40,41,42,43,44,45,46,47,48,49,50,51,52,53,54,55,56,57,58,59,60,61,62,63,64,65,66,67,68,69,70,71,72,73,74,75,77,78,79,80,81,82,83,84,85,86,87,88,89,90,91,92}	s6_6	ipl_all_features
0.750000	s6_6	0.750000	-1.000000e+00	ensemble	greedy	68	feat-{89}	s6_6	ipl_all_features
0.750000	s6_6	0.750000	-1.000000e+00	ensemble	greedy	90	feat-{89}	s6_6	ipl_all_features
0.500000	s6_6	0.500000	-1.000000e+00	logistic	greedy	68	feat-{3,4,6,7,8,9,10,12,13,14,15,16,17,18,19,20,21,22,23,24,25,26,27,29,33,34,35,36,39,40,42,43,44,45,46,48,50,52,53,54,55,58,59,60,61,62,63,65,66,67,68,69,70,71,74,75,77,79,80,81,83,84,85,86,87,88,89,90}	s6_6	ipl_all_features
0.500000	s6_6	0.500000	-1.000000e+00	logistic	greedy	90	feat-{1,2,3,4,5,6,7,8,9,10,11,12,13,14,15,16,17,18,19,20,21,22,23,24,25,26,27,28,29,30,31,33,34,35,36,37,39,40,41,42,43,44,45,46,47,48,49,50,51,52,53,54,55,56,57,58,59,60,61,62,63,64,65,66,67,68,69,70,71,72,73,74,75,77,78,79,80,81,82,83,84,85,86,87,88,89,90,91,92,93}	s6_6	ipl_all_features
0.500000	s6_6	0.500000	-1.000000e+00	primalsvm	greedy	68	feat-{2,4,6,8,9,10,11,13,14,15,16,17,18,19,20,21,22,23,24,25,27,29,31,32,33,34,35,36,37,38,41,42,43,44,45,47,48,49,50,54,56,57,58,60,61,62,64,65,66,67,68,70,71,72,73,78,79,82,83,84,85,86,87,88,89,90,91,92}	s6_6	ipl_all_features
0.500000	s6_6	0.500000	-1.000000e+00	primalsvm	greedy	90	feat-{1,2,3,4,5,6,7,8,9,10,11,12,13,14,15,16,17,18,19,20,21,22,23,24,25,26,27,28,29,31,32,33,34,35,36,37,38,39,40,41,42,43,44,45,46,47,48,49,50,51,52,53,54,55,56,57,58,59,60,61,62,63,64,65,66,67,68,69,70,71,72,73,74,75,77,78,79,80,81,82,83,84,85,86,87,88,89,90,91,92}	s6_6	ipl_all_features
0.750000	s7_7	0.750000	-1.000000e+00	ensemble	greedy	68	feat-{44}	s7_7	ipl_all_features
0.750000	s7_7	0.750000	-1.000000e+00	ensemble	greedy	90	feat-{44}	s7_7	ipl_all_features
0.500000	s7_7	0.500000	-1.000000e+00	dualsvm	greedy	68	feat-{1,2,3,4,5,8,9,11,12,14,15,16,18,19,20,22,23,24,25,27,28,30,31,32,33,34,35,36,37,39,41,42,43,44,45,46,47,48,49,51,52,53,54,56,57,58,59,60,64,65,67,68,69,74,76,77,78,80,81,82,83,84,85,86,87,90,91,92}	s7_7	ipl_all_features
0.500000	s7_7	0.500000	-1.000000e+00	dualsvm	greedy	90	feat-{1,2,3,4,5,6,7,8,9,10,11,12,13,14,15,16,17,18,19,20,21,22,23,24,25,26,27,28,29,30,31,32,33,34,35,36,37,38,39,41,42,43,44,45,46,47,48,49,50,51,52,53,54,56,57,58,59,60,61,62,63,64,65,66,67,68,69,70,71,72,73,74,75,76,77,78,79,80,81,82,83,84,85,86,87,88,89,90,91,92}	s7_7	ipl_all_features
0.500000	s7_7	0.500000	-1.000000e+00	primalsvm	greedy	68	feat-{1,2,3,4,5,8,9,11,12,14,15,16,18,19,20,22,23,24,25,27,28,30,31,32,33,34,35,36,37,39,41,42,43,44,45,46,47,48,49,51,52,53,54,56,57,58,59,60,64,65,67,68,69,74,76,77,78,80,81,82,83,84,85,86,87,90,91,92}	s7_7	ipl_all_features
0.500000	s7_7	0.500000	-1.000000e+00	primalsvm	greedy	90	feat-{1,2,3,4,5,6,7,8,9,10,11,12,13,14,15,16,17,18,19,20,21,22,23,24,25,26,27,28,29,30,31,32,33,34,35,36,37,38,39,41,42,43,44,45,46,47,48,49,50,51,52,53,54,56,57,58,59,60,61,62,63,64,65,66,67,68,69,70,71,72,73,74,75,76,77,78,79,80,81,82,83,84,85,86,87,88,89,90,91,92}	s7_7	ipl_all_features
0.250000	s7_7	0.250000	-1.000000e+00	logistic	greedy	68	feat-{1,2,3,5,6,7,8,9,10,11,12,13,14,15,16,17,19,21,23,25,26,27,28,29,30,31,34,35,36,38,39,40,41,42,43,44,46,47,48,49,54,56,58,59,60,62,63,65,66,68,69,70,71,72,76,77,79,80,82,84,85,86,88,89,90,91,92,93}	s7_7	ipl_all_features
0.250000	s7_7	0.250000	-1.000000e+00	logistic	greedy	90	feat-{1,2,3,4,5,6,7,8,9,10,11,12,13,14,15,16,17,18,19,20,21,22,23,24,25,26,27,28,29,30,31,32,34,35,36,37,38,39,40,41,42,43,44,45,46,47,48,49,50,51,52,53,54,56,57,58,59,60,62,63,64,65,66,67,68,69,70,71,72,73,74,75,76,77,78,79,80,81,82,83,84,85,86,87,88,89,90,91,92,93}	s7_7	ipl_all_features
1.000000	s8_8	1.000000	-1.000000e+00	primalsvm	greedy	68	feat-{1,2,3,7,8,9,10,12,13,14,15,17,19,20,23,24,25,26,27,28,29,30,31,32,33,36,37,38,40,41,42,43,45,46,47,48,49,51,52,53,54,56,57,58,59,60,61,62,65,67,68,70,72,74,75,76,77,78,79,81,82,83,84,87,88,89,91,92}	s8_8	ipl_all_features
0.750000	s8_8	0.750000	-1.000000e+00	ensemble	greedy	68	feat-{43}	s8_8	ipl_all_features
0.750000	s8_8	0.750000	-1.000000e+00	ensemble	greedy	90	feat-{43}	s8_8	ipl_all_features
0.750000	s8_8	0.750000	-1.000000e+00	logistic	greedy	68	feat-{1,2,3,4,5,8,9,12,13,14,15,17,19,24,26,27,29,30,31,32,35,36,37,40,41,42,43,44,45,46,47,49,50,51,52,53,55,56,57,58,59,60,61,62,63,64,65,66,67,68,70,71,73,74,75,76,77,78,79,80,81,83,84,85,87,88,89,91}	s8_8	ipl_all_features
0.750000	s8_8	0.750000	-1.000000e+00	logistic	greedy	90	feat-{1,2,3,4,5,6,7,8,9,10,11,12,13,14,15,17,18,19,20,21,22,23,24,25,26,27,28,29,30,31,32,33,34,35,36,37,39,40,41,42,43,44,45,46,47,48,49,50,51,52,53,54,55,56,57,58,59,60,61,62,63,64,65,66,67,68,69,70,71,72,73,74,75,76,77,78,79,80,81,82,83,84,85,86,87,88,89,91,92,93}	s8_8	ipl_all_features
0.750000	s8_8	0.750000	-1.000000e+00	primalsvm	greedy	90	feat-{1,2,3,4,5,7,8,9,10,11,12,13,14,15,16,17,19,20,21,22,23,24,25,26,27,28,29,30,31,32,33,34,35,36,37,38,39,40,41,42,43,44,45,46,47,48,49,50,51,52,53,54,55,56,57,58,59,60,61,62,63,64,65,66,67,68,69,70,71,72,73,74,75,76,77,78,79,80,81,82,83,84,85,86,87,88,89,90,91,92}	s8_8	ipl_all_features
0.500000	s8_8	0.500000	-1.000000e+00	dualsvm	greedy	68	feat-{1,2,3,7,8,9,10,12,13,14,15,17,19,20,23,24,25,26,27,28,29,30,31,32,33,36,37,38,40,41,42,43,45,46,47,48,49,51,52,53,54,56,57,58,59,60,61,62,65,67,68,70,72,74,75,76,77,78,79,81,82,83,84,87,88,89,91,92}	s8_8	ipl_all_features
0.500000	s8_8	0.500000	-1.000000e+00	dualsvm	greedy	90	feat-{1,2,3,4,5,7,8,9,10,11,12,13,14,15,16,17,19,20,21,22,23,24,25,26,27,28,29,30,31,32,33,34,35,36,37,38,39,40,41,42,43,44,45,46,47,48,49,50,51,52,53,54,55,56,57,58,59,60,61,62,63,64,65,66,67,68,69,70,71,72,73,74,75,76,77,78,79,80,81,82,83,84,85,86,87,88,89,90,91,92}	s8_8	ipl_all_features
1.000000	s9_9	1.000000	-1.000000e+00	dualsvm	greedy	68	feat-{1,2,3,4,5,6,7,10,11,12,16,17,18,19,20,21,22,24,25,26,27,28,29,30,31,33,34,35,36,40,41,42,43,44,46,47,48,50,51,52,53,54,57,59,61,62,63,65,66,68,70,72,73,74,75,76,77,78,81,82,83,84,87,88,89,90,91,92}	s9_9	ipl_all_features
1.000000	s9_9	1.000000	-1.000000e+00	dualsvm	greedy	90	feat-{1,2,3,4,5,6,7,8,9,10,11,12,14,16,17,18,19,20,21,22,23,24,25,26,27,28,29,30,31,32,33,34,35,36,37,38,39,40,41,42,43,44,45,46,47,48,49,50,51,52,53,54,55,56,57,58,59,60,61,62,63,64,65,66,67,68,69,70,71,72,73,74,75,76,77,78,79,80,81,82,83,84,85,86,87,88,89,90,91,92}	s9_9	ipl_all_features
1.000000	s9_9	1.000000	-1.000000e+00	ensemble	greedy	68	feat-{40}	s9_9	ipl_all_features
1.000000	s9_9	1.000000	-1.000000e+00	ensemble	greedy	90	feat-{40}	s9_9	ipl_all_features
0.750000	s9_9	0.750000	-1.000000e+00	primalsvm	greedy	68	feat-{1,2,3,4,5,6,7,10,11,12,16,17,18,19,20,21,22,24,25,26,27,28,29,30,31,33,34,35,36,40,41,42,43,44,46,47,48,50,51,52,53,54,57,59,61,62,63,65,66,68,70,72,73,74,75,76,77,78,81,82,83,84,87,88,89,90,91,92}	s9_9	ipl_all_features
0.500000	s9_9	0.500000	-1.000000e+00	logistic	greedy	68	feat-{1,2,3,4,5,6,7,8,10,12,13,14,15,16,18,19,20,21,22,24,25,27,29,30,31,32,33,34,35,36,37,38,39,41,43,44,45,47,49,50,51,52,55,56,57,58,59,60,61,63,66,67,71,72,73,74,76,77,79,80,81,83,86,87,88,91,92,93}	s9_9	ipl_all_features
0.500000	s9_9	0.500000	-1.000000e+00	logistic	greedy	90	feat-{1,2,3,4,5,6,7,8,9,10,11,12,13,14,15,16,17,18,19,20,21,22,23,24,25,26,27,28,29,30,31,32,33,34,35,36,37,38,39,40,41,42,43,44,45,47,49,50,51,52,53,54,55,56,57,58,59,60,61,62,63,64,65,66,67,68,69,71,72,73,74,75,76,77,78,79,80,81,82,83,84,85,86,87,88,89,90,91,92,93}	s9_9	ipl_all_features
0.500000	s9_9	0.500000	-1.000000e+00	primalsvm	greedy	90	feat-{1,2,3,4,5,6,7,8,9,10,11,12,14,16,17,18,19,20,21,22,23,24,25,26,27,28,29,30,31,32,33,34,35,36,37,38,39,40,41,42,43,44,45,46,47,48,49,50,51,52,53,54,55,56,57,58,59,60,61,62,63,64,65,66,67,68,69,70,71,72,73,74,75,76,77,78,79,80,81,82,83,84,85,86,87,88,89,90,91,92}	s9_9	ipl_all_features
