0.580808	0.70	dualsvm	greedy	46	feat-{6,7,8,9,12,13,14,19,21,27,30,31,32,33,35,36,41,44,45,53,59,60,61,63,66,71,77,79,82,83,84,85,86,87,88,92,94,95,96,97,101,102,107,109,111,112}
0.525253	0.70	dualsvm	greedy	68	feat-{3,4,6,7,8,9,11,12,13,14,16,18,19,20,21,24,26,27,30,31,32,33,35,36,39,41,44,45,47,49,53,54,59,60,61,63,65,66,68,70,71,76,77,78,79,82,83,84,85,86,87,88,92,94,95,96,97,99,101,102,104,106,107,108,109,111,112,113}
0.580808	0.70	dualsvm	greedy	90	feat-{1,2,3,4,5,6,7,8,9,11,12,13,14,16,18,19,20,21,23,24,26,27,28,30,31,32,33,34,35,36,37,38,39,40,41,42,44,45,47,49,50,53,54,55,56,57,59,60,61,62,63,64,65,66,67,68,70,71,72,74,76,77,78,79,82,83,84,85,86,87,88,90,92,93,94,95,96,97,99,101,102,104,106,107,108,109,111,112,113,114}
0.696970	0.70	ensemble	greedy	46	feat-{88}
0.696970	0.70	ensemble	greedy	68	feat-{88}
0.696970	0.70	ensemble	greedy	90	feat-{88}
0.616162	0.70	logistic	greedy	46	feat-{7,8,9,10,13,14,15,17,19,20,22,27,28,31,32,33,34,41,43,45,54,60,61,62,64,67,71,78,79,84,86,88,89,93,95,96,97,98,102,103,105,107,108,110,112,113}
0.616162	0.70	logistic	greedy	68	feat-{5,6,7,8,9,10,12,13,14,15,17,19,20,21,22,25,27,28,31,32,33,34,36,37,40,41,43,45,46,48,50,54,55,57,60,61,62,64,65,67,69,71,72,77,78,79,84,86,88,89,92,93,94,95,96,97,98,102,103,105,107,108,109,110,112,113,114,115}
0.616162	0.70	logistic	greedy	90	feat-{5,6,7,8,9,10,12,13,14,15,16,17,19,20,21,22,24,25,27,28,29,31,32,33,34,35,36,37,38,39,40,41,43,44,45,46,47,48,50,51,54,55,57,58,60,61,62,63,64,65,66,67,68,69,71,72,73,77,78,79,80,83,84,85,86,87,88,89,90,92,93,94,95,96,97,98,100,102,103,104,105,107,108,109,110,111,112,113,114,115}
0.646465	0.70	primalsvm	greedy	46	feat-{6,7,8,9,12,13,14,19,21,27,30,31,32,33,35,36,41,44,45,53,59,60,61,63,66,71,77,79,82,83,84,85,86,87,88,92,94,95,96,97,101,102,107,109,111,112}
0.691919	0.70	primalsvm	greedy	68	feat-{3,4,6,7,8,9,11,12,13,14,16,18,19,20,21,24,26,27,30,31,32,33,35,36,39,41,44,45,47,49,53,54,59,60,61,63,65,66,68,70,71,76,77,78,79,82,83,84,85,86,87,88,92,94,95,96,97,99,101,102,104,106,107,108,109,111,112,113}
0.631313	0.70	primalsvm	greedy	90	feat-{1,2,3,4,5,6,7,8,9,11,12,13,14,16,18,19,20,21,23,24,26,27,28,30,31,32,33,34,35,36,37,38,39,40,41,42,44,45,47,49,50,53,54,55,56,57,59,60,61,62,63,64,65,66,67,68,70,71,72,74,76,77,78,79,82,83,84,85,86,87,88,90,92,93,94,95,96,97,99,101,102,104,106,107,108,109,111,112,113,114}
